9.464139452048324 
9.653078565116697 
9.638009870959955 
9.684243531610212 
9.655680571556557 
9.717350030632199 
9.537743503745233 
9.592404181308316 
9.968407630380938 
9.660999437114354 
9.165461162048683 
10.63167462443545 
9.008862074097845 
7.4613943594700425
12.315369871905146
9.7796954592552   
9.850777250010493 
9.225612758544601 
11.390432530970882
8.544845612831791 
9.379337858509118 
10.793775852143229
9.560133696358413 
8.44911313042766  
11.888203058568998
9.487878218449689 
8.162111961287696 
11.08036924102945 
11.118252878444126
8.174659453293827 
8.846721592746698 
10.568384013014636
8.978537760559888 
10.214539962076094
11.833618687008236
9.31153426829159  
8.201442864220825 
10.10720366604076 
8.629998504049981 
11.411792407387614
11.465467169744686
8.28874071506929  
8.73357363034075  
10.83488124426051 
11.513130553152436
6.561631337621296 
10.461794101807508
10.309222407559943
9.91404443089505  
12.5122677217259  
8.243020293934496 
9.02667168253101  
11.29427278366645 
12.517940337397599
9.739138829955644 
9.616629960885863 
11.277280351017488
11.187131091589713
7.948227706646263 
11.418051308540706
7.877757830396266 
9.183561699301169 
16.72440834430164 
9.873070392958663 
7.683741010940535 
12.574172873854705
9.539865509768811 
10.072292071386382
12.740519811658121
11.347029138183402
7.764060283819583 
14.0724158199033  
9.054371530801196 
9.903114276280563 
12.088814621708961
12.60963120523213 
7.249741621469199 
13.357070724802506
9.591926957903594 
9.735297496833518 
12.265180535325918
12.49393014297606 
9.153833455591574 
10.634007500547188
11.064697354863618
9.215343879149616 
10.913469359961987
12.607143767749855
8.704224783866607 
10.148026173927084
10.940916458664889
9.199619263443578 
11.217302285343274
12.941532892561028
9.228730182464165 
8.893158708051097 
11.85055560215494 
9.058641629765841 
10.097926711991681
10.321934724019592
11.85830203863996 
10.769930474840821
9.58278097573193  
11.798842093414004
9.776614049667668 
9.620248658934736 
11.52708590442321 
11.844126273049723
9.681552506708792 
11.894522039786137
10.022421158070186
12.07424873276824 
13.087363001570981
7.452043668290065 
8.055489370649973 
9.652295688291698 
9.632400286956432
