9.706850157654777      ,
9.655540721398568      ,
9.702137587736763      ,
9.700143684354046      ,
9.696260626012196      ,
9.693940880437692      ,
9.687063886495153      ,
9.690441082524819      ,
9.690220583445598      ,
9.68971222614799       ,
9.687490676937706      ,
9.708818918124761      ,
9.626634967530045      ,
9.652808318129955      ,
9.809908062247585      ,
9.599856252551689      ,
9.708369441866301      ,
9.676683494681086      ,
9.686525814119493      ,
9.679319576439195      ,
9.693129533997316      ,
9.690583564553108      ,
9.694984532402273      ,
9.668815244016312      ,
9.693363958257153      ,
9.699619790596428      ,
10.141121543076558     ,
8.815306857597271      ,
12.362232386730037     ,
12.219878414241679     ,
9.01239898738584       ,
8.323111885314347      ,
11.429304418158425     ,
9.197299394305324      ,
8.759621117351791      ,
11.238925618316484     ,
10.934703262795269     ,
7.817743189517453      ,
12.906885742396856     ,
10.480550851695279     ,
8.498092898361302      ,
10.331131784310159     ,
11.916574172863516     ,
9.602795446416422      ,
11.853780803890968     ,
7.378400349402132      ,
10.067956173926294     ,
9.657107530909558      ,
9.562084586185867      ,
11.524938100580613     ,
11.14868509856134      ,
13.840643444951333     ,
9.246555366018407      ,
10.319025285622615     ,
10.656612288419604     ,
9.985646971176912      ,
10.605179842464398     ,
12.254910335498861     ,
9.326130318630819      ,
11.954958377637631     ,
8.408810481404018      ,
10.257377633534514     ,
10.638233902742535     ,
13.382026533274948     ,
7.846179765404614      ,
9.367577831323889      ,
11.493698572850981     ,
9.111191448165913      ,
9.779890994406605      ,
11.53258936371468      ,
11.35694275874998      ,
7.8008936704726        ,
13.674187242722917     ,
8.927674848666358      ,
10.110637879071398     ,
11.632406359739376     ,
11.57461028647313      ,
9.77439084545904       ,
10.306394934643953     ,
9.521666532638351      ,
10.647284442039073     ,
11.46829406792492      ,
9.317388256737425      ,
10.223586444802446     ,
10.566694172899949     ,
9.796175106681442      ,
10.020041278725877     ,
12.880873471327478     ,
8.909685465576255      ,
9.461539164635816      ,
11.091223501214698     ,
9.951264806972567      ,
9.025079279816781      ,
9.927256000064588      ,
10.321981061552492     ,
11.434029710837422     ,
9.368754588575714      ,
9.19430707817202       ,
10.400263428780194     ,
9.701775017894347      ,
9.897640360828634      ,
9.887496829449093      ,
9.8841037631253        ,
9.87745445348496       ,
9.872635501081025      ,
9.880141196135071      ,
9.877244974361206      ,
9.877385344160347      ,
9.876594662539729      ,
9.877136201830853      ,
9.874945235651822      ,
9.875639662052627      ,
9.878413295148546      ,
9.877706759546948      ,
9.85839912591816       ,
9.911792299051195      ,
9.93868277113441       ,
10.075971335866504     ,
9.992927836478469      ,
10.742791167197275     ,
9.57583649514158       ,
10.398012369103254     ,
9.33825071093264       ,
9.975683860005988      ,
9.187969258827847      ,
11.32714475027227      ,
9.932698930680225      ,
9.526769855937118      ,
10.528771869339058     ,
11.588209381976542     ,
9.186569525128354      ,
9.660427129954199      ,
10.79388050084298      ,
9.51570047434027       ,
9.92087700571898       ,
11.802396073828225     ,
11.00671515424112      ,
10.134965261465553     ,
10.629582027306041     ,
9.702268207806169      ,
10.205473347786796     ,
12.996099876149513     ,
8.127588249607387      ,
9.824815284812596      ,
9.966935723576253      ,
10.24155801783208      ,
9.269927512541946      ,
10.123027768754989     ,
10.315274087324417     ,
10.003039719803946     ,
10.361538557035011     ,
9.330218490477643      ,
11.322226632892706     ,
9.675965882904718      ,
9.722392388823911      ,
9.654117039701111      ,
9.777860036212676      ,
9.62076960772309       
