9.686832533236565    ,
9.690357543621447    ,
9.691030283084618    ,
9.697067358259641    ,
9.694037364933804    ,
9.691666053588264    ,
9.690526873647393    ,
9.69393921926349     ,
9.679141304861426    ,
9.699588645043303    ,
9.669623306599457    ,
9.70670267481941     ,
9.677506203127345    ,
9.665041805211843    ,
9.606029957682823    ,
9.625383157617568    ,
10.041121851117353   ,
9.484340344580277    ,
9.684279886038356    ,
9.69069178882724     ,
9.677155369740511    ,
9.685839097773597    ,
9.691138660355692    ,
9.6916483219969      ,
9.683197376654132    ,
9.68577761413371     ,
9.67669122347766     ,
10.58234229870703    ,
9.460961456286206    ,
10.84418452755802    ,
14.075501321481065   ,
13.724432396518173   ,
10.461168060590607   ,
6.696415482464368    ,
6.84085975907065     ,
9.53193507435181     ,
8.495432119168612    ,
11.287391399067076   ,
10.637503646061296   ,
11.30024317274546    ,
10.761816210510927   ,
10.6003235340091     ,
9.183673984830143    ,
8.19197016846965     ,
10.064399097970314   ,
9.153232306333525    ,
10.578887878309057   ,
11.903006998536227   ,
4.033645780532838    ,
0.37491457117568805  ,
11.777482792046008   ,
10.599273343500133   ,
14.377293080843353   ,
11.036613867244382   ,
9.713776918737082    ,
9.84476930451395     ,
9.977922176869674    ,
9.84825771559953     ,
14.115177291791548   ,
13.707788232110854   ,
9.531281262983562    ,
3.476001949641976    ,
7.413720059338643    ,
9.266107922821787    ,
8.79030734329444     ,
10.059369838436178   ,
12.529325668025322   ,
8.262477558615377    ,
8.038485162251064    ,
11.483063584598137   ,
9.996979645757627    ,
6.335482328866397    ,
0.17889255958023795  ,
0.4504367109476633   ,
14.287540706390287   ,
5.224510670468748    ,
9.409469309595355    ,
9.984184875245965    ,
10.164020965849076   ,
9.866633397678052    ,
9.847737053513175    ,
9.914125456084328    ,
9.80190434661195     ,
9.859392558050542    ,
9.85070196326814     ,
9.852071068514931    ,
9.854390067027172    ,
9.85385589429388     ,
9.85431094224224     ,
9.857742571381069    ,
9.844296421510798    ,
9.856136068535589    ,
9.857272792953836    ,
10.041434550906125   ,
11.153920971383391   ,
12.504426113728298   ,
9.136280920357198    ,
10.040045379921443   ,
11.274257516765841   ,
8.16780841201905     ,
7.650715853540768    ,
8.29240337293494     ,
9.346299828657047    ,
9.028618023147438    ,
10.301214315989556   ,
11.16614392117454    ,
8.51949644621875     ,
9.383492082415604    ,
11.487597649529382   ,
8.541332215681507    ,
9.096519123296968    ,
9.981607908337258    ,
10.028629959962851   ,
9.293964409136033    ,
9.820213988367314    ,
9.381866353939026    ,
9.223925497854951    ,
8.06841631120263     ,
0.22396624794451805  ,
10.024556300862518   ,
6.09252308920596     ,
15.931237479284913   ,
8.116524525918967    ,
9.646111976875746    ,
9.700385949996791    ,
9.691673800585228    ,
9.688398064061008    ,
9.690539187856576    ,
9.692199796094526    ,
9.692631888769867    ,
9.691931369646959    ,
9.693548660299145    ,
9.6956470053903      ,
9.694670907998649    ,
9.6927033470396      ,
9.697484947429011    ,
9.694234746294773    ,
9.700873797155085    ,
9.695137099673317    ,
9.828138390178934    ,
13.1296603391984     ,
13.019116673119326   ,
8.809975400674173    ,
9.183217366756097    ,
9.17109842632881     ,
8.1655357910546      ,
7.9866381822825      ,
9.793910550564323    ,
8.952218288865245    ,
9.716883189618567    ,
9.536601391067569    
